# This puzzle is unsolvable
14
 99  94   1 162   7 107 136   3 103  58  61  64  12  63
180 127 160 152 141   6 181 187 102  10 105  14 143 110
128  55  47  49 134 177   2 164  59  11  19 142  17  65
  5  53 167  51  97  48 176   8  13  56 148 140 189 165
 52  96 192 101 131 137  95 100  66 113  67 106  68 139
 45 129  46 135 108 112 194  77 169  70  23 104  79  15
126  41  92 183  57 158 193 138 161   9  69 145 109 168
 98 178  50 184 163 133 132  54 170 159  88 115  16 166
  4  93 190 191 179 186 172  44  83 182 150  21 144  72
 90  85 130 121 153 175  35  62 119  60 120 111 149  24
 87  91 157  34 117 125 156 185  25 173  33  22  71 174
123  39 154 124  37  38  80 147 171  30 151 146  75  74
 84  86  42  31 155   0 118 195  32  26  18  20  73  29
116  89  40 122  82  43  36  81 188  27  76  78  28 114
