# This puzzle is solvable
14
 50   2  58  54  51  48  61   4 103  63 109 140  15  67
 96   1  11   6  57  10 100  14 108 194  89  16  64 105
 95  53   5  56  18 168 134 127  60 137  20 182  12  62
159   7 128  91  52 181  55 158 183 162  17  13  65 110
 42 130  94  45 126 157 102  99 141  59  24  66 144  69
191 146  97 121 177 131 166 104   8 186   0 135  22  68
192 180  92   3 185  49 161 170 165  25 164  21 150 167
 46 149 132 156 176 163 171 143 173 169 106  19  28  71
 90 124 129  38 179   9 138  77  80 113 188  73 107  72
123  47  93 175 160 117 193  35 190 142  27 114 139 189
178  33 155 153  41  36 187 116  81 119  79 145 111  70
154  85 125 174 184  82 133  98  31 122 101 136  26 151
 43  87  39  34  84 120  37  30  32 118  78 148 112  74
 86  44  40  88 152  29  83 115 195 147  23 172  76  75
